%YAML:1.0
R: !!opencv-matrix
   rows: 3
   cols: 3
   dt: d
   data: [ 9.9999957440157217e-01, -6.9262734607244026e-04,
       -6.0947849355894403e-04, 7.0256518459184977e-04,
       9.9986429117861608e-01, 1.6459211039572035e-02,
       5.9799568229014152e-04, -1.6459632232928026e-02,
       9.9986435225380488e-01 ]
T: !!opencv-matrix
   rows: 3
   cols: 1
   dt: d
   data: [ 1.0171239152323861e+00, -5.4710610855800507e-02,
       -3.1624544439123103e-01 ]
R1: !!opencv-matrix
   rows: 3
   cols: 3
   dt: d
   data: [ 9.5343726651163585e-01, -4.7069545944360705e-02,
       -2.9789568085390500e-01, 4.9533224292346814e-02,
       9.9877221550869144e-01, 7.2195502918720802e-04,
       2.9749594706150867e-01, -1.5444072405030424e-02,
       9.5459815739897813e-01 ]
R2: !!opencv-matrix
   rows: 3
   cols: 3
   dt: d
   data: [ 9.5365102339572683e-01, -5.1296434241563313e-02,
       -2.9651037319187307e-01, 4.8840986246062493e-02,
       9.9868335643754858e-01, -1.5687945599860129e-02,
       2.9692471038765839e-01, 4.7896631740397110e-04,
       9.5490077335421197e-01 ]
P1: !!opencv-matrix
   rows: 3
   cols: 4
   dt: d
   data: [ -2.1607002480697463e+02, 0., -2.3205243587493896e+02, 0., 0.,
       -2.1607002480697463e+02, 2.6538774490356445e+02, 0., 0., 0., 1.,
       0. ]
P2: !!opencv-matrix
   rows: 3
   cols: 4
   dt: d
   data: [ -2.1607002480697463e+02, 0., -2.3205243587493896e+02,
       -2.3045116526324233e+02, 0., -2.1607002480697463e+02,
       2.6538774490356445e+02, 0., 0., 0., 1., 0. ]
Q: !!opencv-matrix
   rows: 4
   cols: 4
   dt: d
   data: [ 1., 0., 0., 2.3205243587493896e+02, 0., 1., 0.,
       -2.6538774490356445e+02, 0., 0., 0., -2.1607002480697463e+02, 0.,
       0., -9.3759571386918239e-01, 0. ]
