%YAML:1.0
M1: !!opencv-matrix
   rows: 3
   cols: 3
   dt: d
   data: [ 5.3283136983519682e+02, 0., 3.1611973042714084e+02, 0.,
       5.3674146690579289e+02, 2.5090077445738808e+02, 0., 0., 1. ]
D1: !!opencv-matrix
   rows: 1
   cols: 14
   dt: d
   data: [ 2.5955133595804886e-01, -8.3290138435633321e-01, 0., 0., 0.,
       0., 0., -1.4724254385323761e+00, 0., 0., 0., 0., 0., 0. ]
M2: !!opencv-matrix
   rows: 3
   cols: 3
   dt: d
   data: [ 5.9116335906295126e+02, 0., 3.3401417955697013e+02, 0.,
       5.7950247545006266e+02, 2.4888964013412777e+02, 0., 0., 1. ]
D2: !!opencv-matrix
   rows: 1
   cols: 14
   dt: d
   data: [ -2.8770151372326880e-01, 2.2748865482363798e+00, 0., 0., 0.,
       0., 0., 5.8286947344840607e+00, 0., 0., 0., 0., 0., 0. ]
